21.47995996918337,20.47302889054997,31.09534385197797,32.77865928038737,2.742041494630228,1.3889252988562557,2.475686304592332,160.3951079247694,176.65137633812023,169.6712048081881,166.5460426437083,172.3196117535888,143.1369890840888,165.25063173621336,147.09431964563328,0
21.310805902092195,16.07317488991816,20.376590011560797,46.68939255473962,4.097438260760868,1.2136893215227071,24.018406554753284,163.01438387180508,158.46241929743985,131.04778404312373,160.49969749269374,151.22303162494558,131.61136144566734,153.80948736329532,140.73316946693575,1
41.18188739950001,45.07501913886663,25.77138283154242,22.564963211700825,11.399545453138062,4.006192920628445,41.06714250322934,39.670981534018004,4.802698731817811,26.477580357706064,171.4493027740405,153.1071620765496,123.69427248749508,158.33177826057974,146.70437262091625,2
47.83569752136015,53.55756322091984,13.242344729401797,28.33959518849832,3.97354548018557,1.974133427474329,16.062166602012994,28.289330930498792,2.4696270772648106,10.127514728726641,18.839011959414083,2.6985989935157058,20.773852199611824,144.1608105455013,147.88362304023448,3
44.51275138308262,56.06941046136401,19.991503473609136,11.568457346075038,3.125828302374869,1.8007000063668428,11.703775970049566,20.783538599360302,1.7318983724122363,17.724669255619386,160.46651659228144,148.19410798892608,104.798413116968,156.94214208197027,116.27941957460877,4
34.08691039024938,57.682033774701885,35.79541631640098,9.914413691269663,5.153447845685801,1.9977753700674594,8.700900637215435,12.315896290109038,4.619275057047845,3.711934973263458,4.507608169048428,5.226614819171035,9.378271013512729,7.836609515706071,4.7396786639936765,5
34.52440439448607,35.67086875433898,21.671915120684822,13.295557726655879,2.089124134810947,3.4878695114156915,17.705164584300967,20.98313311419888,7.0983688673881815,7.565758055073295,167.5870341782906,167.1519494593737,150.2879391719029,161.6301790216197,148.78050174767515,6
16.058535852230563,4.737699422969267,30.59678510319132,33.07085256125166,67.17037989706449,35.64801137673058,128.8205903079369,19.388390052723434,15.405909865153982,26.9159248235096,3.592678005098152,15.800826497806042,17.24663690475133,12.8093131010091,14.06543333510542,7
16.290158682326656,23.755470734635626,32.0639595699392,20.56443203857727,2.4537706951975404,2.5901176401496855,10.770873860319941,23.529100472213248,4.002943342384337,9.934082583109445,164.99766339442522,173.2397496338578,148.3800173722313,175.28430899229866,159.61255434847686,8
15.867610936344931,21.269830328039784,31.372598910849625,28.647693831290322,3.4340379297363453,1.5340921318309109,14.474281154816317,33.409041497528946,2.284791311064062,3.230041212658713,16.45087722428601,2.4065240997834754,12.521906018422396,156.4108306339848,160.40864270719015,9
14.101672997252615,26.63847380517256,30.100398320736957,37.0135882242398,146.7569771406546,22.864764655702924,171.21197779596378,26.105538499466416,1.2698513938903035,9.208626396589509,158.61613092604114,160.589721100254,124.52157476607461,164.37110605667658,146.58868406812852,10
26.270029530559103,48.56230168427281,28.435849655631984,28.52003670628209,5.286185195665431,5.390360972582711,8.183390942338768,27.231683765373383,12.631705316492598,13.962104098659129,6.0175398851825515,17.58225975212695,17.57301062277802,33.035908343693194,9.539160726892085,11
32.989445744072285,66.05615438205741,50.451279097646804,23.198741746864922,21.38518917512588,72.10502916824292,100.15433480989473,23.39131392954128,70.61580543365477,15.812633783830412,13.322151486695434,29.19492456319045,8.59907979817577,5.52561500342895,3.5508110419187076,12
13.10349287774797,3.608041316194737,23.267444172265762,70.49618704900602,117.9927581073798,43.46783340361314,159.5881856317014,144.07031711056914,169.8735914539488,155.75662956571938,160.49076268570423,171.1495146373468,155.58798379670827,155.17540200595622,172.44844249949637,13
26.61672328624072,45.71775190812201,64.02305407519664,12.319206742189369,4.941876809754795,0.7119049654597763,41.80493246770158,158.62188617175997,123.89458440822897,118.4639489320814,169.34466649287558,141.8468402867008,134.562607115562,167.55511915984908,140.1434073467451,14
31.947378850970452,57.96538561447905,37.63689004174984,7.77292093727799,1.6574066572537465,4.3483227708931915,8.026370943994452,6.386474289874998,7.617513788735411,30.481427116486767,163.12485393967583,147.32396877925586,101.89382569117846,163.79503393081367,115.98236537779542,15
2.4069826991003453,25.17328703958054,120.47061138821205,47.556268882381886,34.83845959867995,17.455067470622105,116.75763127740336,136.96313154567758,160.06892073432337,51.787355647848194,71.44820819248397,170.73865018957804,148.87195329475463,76.93391632502873,161.76720120472032,16
8.683802405310542,32.24180896087251,110.756214881366,13.584361075012117,6.843870945216124,8.75742966800339,39.337860297086365,34.898652632446456,39.49713352967998,132.55099518431203,127.7408380485205,96.32559640960822,12.422198608933977,131.84140025937978,56.337963326091554,17
23.66290165550089,34.1300961510825,48.80163691113599,18.723015287603495,1.887823437631052,0.47491747630279946,60.6159205723587,171.93744941337224,153.80587701383257,87.96959172683991,168.06297308245888,152.5352838953869,101.0566098759997,162.32411108115852,135.85658243038435,18
29.39352720702299,51.102242137451256,25.683769915594915,14.09157417236808,3.3461449124141702,2.661191049604666,12.444097753870256,13.792568496621927,2.689792227228939,12.812972060522394,176.31576504266087,170.16619574228386,167.3707862909822,175.53388683739544,161.24731651887578,19
33.18968506798863,26.826103187701737,26.757824970759124,31.468704207610315,4.557423025018289,2.9484870378235026,5.392455399373578,167.3927670485905,176.72098407312865,171.11883962616747,166.9766487835893,168.63768242988127,150.2186290303238,169.1700125957942,162.8451930107022,20
35.05228090050052,28.540087872516693,22.064173119952486,26.811433543700215,2.2682651238270197,3.4603439225922332,4.163151762350923,24.77000816698289,6.965465143281066,7.045832141751118,166.21950213899768,170.6334225683219,149.42238322236435,168.3220906932734,152.24885140917237,21
30.02418212300063,51.532727663697614,34.037656502618944,58.08244991121822,5.762856285987291,6.2050432890930285,8.069034419196504,158.4192840684029,162.88162042838294,141.73039526934778,162.18515813056044,162.84421906473048,144.75280942668107,163.65627107546706,150.29529888430199,22
33.56378549515831,44.43159727479142,67.39339929632814,30.241743207728703,140.3667215483511,6.861259104101551,131.91330907132422,166.33736770136315,143.9133088311633,126.91798436111742,172.71731134988687,145.07849810719514,168.5386819897211,4.8710886604522425,15.113821343790343,23
36.22423952136658,56.23416005691205,49.889791722962705,12.810707681266537,2.3079053969161105,1.7131310410882128,47.73041997772477,156.47325795529247,117.45084423814048,109.24075322450993,163.83749239204704,136.5702155659396,163.6116312608314,10.641981606154738,22.96005632310627,24
40.76412375694757,58.33160305895433,21.28200153247667,6.0878692553054226,0.6405934996760977,3.130272791848874,17.403430255167557,13.406531827420547,7.640881551763524,30.430003512138082,162.31649832952326,148.30598909780304,157.56087083284098,10.697563776230622,23.83640632709468,25
5.4742707235553905,9.140338560337032,54.359198012891454,32.83195079711558,22.53862667089753,9.73537646976772,110.88585070270788,132.18913435930665,19.810485034915697,16.778602844565466,137.00727117272493,42.01426270787136,99.45023212546704,25.808571264799664,102.57652188809168,26
9.663518261617797,11.408818651932568,88.87445042120854,8.725487342993164,2.7350193166526875,2.0311809538661945,21.655841020122885,12.478537593995476,11.913566379327246,42.03232853033929,140.91524564014443,105.40710774648969,111.76033239247437,18.730897543248055,72.46244258074424,27
31.942908199002805,50.53969608251285,27.05988861026754,42.521678119152135,3.1127925932611964,2.0945889090701506,29.282042675518767,170.1868615582321,167.33587337574787,130.7133037465727,164.15500760308583,164.46425074772986,150.20242986626323,16.746677354337997,4.91865382406564,28
17.678285703172552,48.73473329335258,24.855537419375064,17.961400265926116,2.2701861386773774,2.162628663301097,13.499590043641367,178.94940821795652,173.28166222216663,156.02320180744496,172.84453531500733,173.5530513206176,168.79269682756296,18.450185341086176,12.079112302683358,29
25.445552459923622,28.583948400590007,23.831414728764912,29.892555119352775,3.907850341435165,3.686037078374367,5.680552102118296,174.10843032414522,177.06490000369502,165.19949501702897,170.45637653944394,173.2583807624725,161.35410801163908,17.686959474184164,6.960990502564492,30
10.41629023366172,4.493373486083021,15.576344308476038,30.351931621380626,8.27767400517294,1.8603303480425242,98.1152300604654,164.4173468054887,96.96807456750433,75.93740423505422,168.2554944633046,90.29630021513148,69.85774324685825,157.24290584168259,72.57632642459849,1
28.765472659031943,7.56760993123149,18.44604265683543,31.21309634823067,6.5155800668639365,1.9741470523391755,132.03792472595725,168.13190252201727,38.42723951809039,20.4664991779529,176.03371842281877,19.030254771626502,13.542135560745963,167.89862367885976,17.910261677603785,0
31.598476978807756,44.88555387161174,26.503709123207855,38.091605241598494,8.117795761674358,9.083166404440604,22.71475084492008,12.545587233897159,12.686775109308504,33.9916987746468,150.5439418301048,133.83528473236186,66.496472472974,162.66731110214383,92.8296911624366,2
55.906002806012495,44.752711831648405,21.813729850014568,34.16203451971104,7.14967187455872,7.873587451843153,16.09335673420177,15.35650748683415,2.922656541442298,6.843368328461587,18.65648679090288,15.721729266772899,54.14518590777129,135.06462390272196,73.67540904908978,3
21.98770734723889,55.681643551394046,43.00460404981591,30.738942495185206,56.13660838020098,83.81264245927494,139.77049919151474,103.6427052801179,152.75907496765961,58.11509890370029,165.30955757893187,132.5149732758811,94.44169598849683,170.06834625809998,115.05506865413034,4
20.959506980040377,33.21690177049637,91.06221592563577,14.26729466625171,7.11076350152486,4.601276542017202,11.275717626863676,6.001928267248475,2.8085184996253916,4.374166637182601,7.927140351985412,2.6601783845607283,2.3243996041685127,23.05314839555531,7.154483066291109,5
32.91205141958442,26.169129633189513,21.762345149893314,17.694742931382613,2.7437225503641245,4.131131266552393,17.687081395202235,28.47936600992381,4.655879301433348,19.57985371021137,164.47859538803266,168.3511694386656,165.41634838220287,176.9961859115049,162.37559680281083,6
24.17366259335537,25.3773257945393,20.82514782825776,45.77651047451684,80.56156339619183,18.2360439466574,137.43857572129863,9.334358455345228,3.8885966823044154,15.670938887007713,10.41272488167428,7.985561239277665,13.995471283100747,27.255826077110463,12.551702878846827,7
16.390573602346034,8.741975449936282,22.659069147960363,14.064327088844454,2.6689708483326813,1.8940362479634556,23.491304092845077,24.670393657700902,2.5220844092301684,32.044240776271764,170.65893381878888,153.9157262363451,139.0699229263603,170.73152600137595,148.4690035210955,8
14.833650954452072,16.783111123871098,18.912227896738344,18.790831863514754,4.081188503188256,1.9742659252019816,18.380811103246668,14.248474469625554,9.973079383306322,22.15906136106106,15.219673250692086,6.374417601144519,6.683276443671936,126.22860912471683,150.54357593499148,9
18.911449257792842,9.685260356499905,20.35954741472381,46.414671932219626,142.88157951240376,18.125378722269357,163.61811713764826,27.221904027069748,6.352189742459476,14.764856010830146,166.25448919434353,169.8153277388535,159.88884381074814,160.21206647415391,151.4473434562421,10
54.166231753988875,46.14117079369915,23.305517785158656,25.953438884920626,5.892394541410918,10.854918838739716,11.010488125931843,30.229085366547174,6.685197279566114,7.626106878929537,5.017226870736161,6.5953827087277785,59.15945666792953,143.05080261328766,85.7983238415444,11
25.787642386390345,14.707130522722357,62.72991204626393,17.120093212962242,2.378342407853328,5.380132859803945,127.22368584859495,156.555831013486,73.57428146300427,19.701655649156265,172.2664833251932,136.41649422383324,36.32624231028738,171.86892087700446,141.2761049820833,14
24.08937271328062,11.869015896422122,62.007686453200975,16.98268956663404,2.922414218607025,5.033673048279208,118.37326133044911,163.3551119350164,101.04115268425147,34.019017094972,174.30131651691644,135.8618781124715,46.901036586645745,170.62116271469557,132.01897312932664,14
33.5890023950624,31.768716011990534,28.886467280530873,19.174189174326553,3.6706395419882587,2.5990553399144867,111.22617457967628,161.42797464927338,75.3596465711127,32.947153048763454,177.2037146226452,107.44059856126333,44.44793425894636,172.70670684480928,115.54784235996925,14
29.63317787857364,32.176037178950104,39.46387087694924,20.959139953658877,4.960212985768905,4.047886094061292,122.79228350689225,159.70706405718505,73.36932045378578,28.382511757674475,178.60291488741657,123.4911362719881,39.586948788942735,171.72507738949568,127.16523646158832,14
30.587899083282817,11.25021256165956,17.023663447965262,19.509937954387418,5.742577614007265,5.85800531326639,108.08335455004506,153.806290836241,101.99778227961349,44.20541130520794,175.86695621738866,146.6678601367737,71.4603701053479,166.35487838142058,158.5760571471505,14
34.39746053200528,24.630098580756663,22.2990133588201,17.527767866858266,1.1223012854387422,2.3642109455815605,110.25737003125575,160.7141395047814,84.77271583215847,36.02779857629544,176.98195040634246,121.3515018271757,48.25559361348313,171.11517753374534,128.2804776389804,14
33.95768313461639,33.37433316131177,31.529338829589047,16.231713976918915,4.053875003189429,2.863159280491923,113.36599186402024,160.23598149556608,66.48181689939149,26.382751361570882,176.9613587290325,113.5564374633201,38.44619257110895,172.21895112651032,122.69195677470272,14
30.96181412740228,39.84327550299311,38.58182301836237,17.456136905161472,1.7366545948615741,2.032092959143566,114.51388641854781,158.82002314207926,59.01494048832453,19.94748419364386,173.64429557712995,128.7342929358331,34.56254301215253,173.1567300576263,134.64889999590002,14
42.45336593826322,19.520380758029514,9.781539878122757,20.905489769280234,2.5858113699448375,0.5837104650928201,109.13718205224677,163.979663630762,85.34183695482884,39.75562568690781,173.99717647012855,118.26732272456165,51.29012822633029,168.34186379875038,131.37549491740344,14
41.675790559804945,28.72580447870681,16.475487676701576,19.648238531142358,2.3530730708627643,2.7458620512381864,113.96924685122524,161.09993795688283,74.80487523910455,35.711777810753496,176.103026430064,105.4956542874041,48.61866462548231,169.66308209529376,115.4514099987549,14
40.604318583718516,30.948780487093217,18.093813342324797,18.553987827856005,2.6726420997489884,1.8326456517665903,112.86025944119926,160.27321117930353,70.08446625910851,32.30219380414445,179.7841941583725,99.63863597595056,42.01149072521195,170.2786908831079,110.79910012867677,14
38.466634367687476,24.987034465194725,27.854334761778286,14.937842462228428,1.3328961595553332,5.549483892668853,126.3664610891794,158.92936491964647,50.3589079798232,14.16845938513048,169.83433462786306,151.35165015494294,31.2375582447996,169.21192606703272,162.3199725885108,14
36.27235793160468,27.14213115840497,29.751601001834445,14.499656625230866,1.233837010616964,4.840029670947735,125.7091281873523,160.20995242034536,51.67600117679803,15.782531332184945,171.4171890244133,145.2532456016343,30.714519815608345,170.23255287795286,159.18331134343654,14
37.182252725641106,24.730039502684903,30.038444384942323,14.035944696235177,2.233412376725787,4.957355790710122,122.46201346175248,162.34235242195214,63.47468159338305,21.046913221800008,172.8584113763658,139.65532526223495,32.83990788987746,171.883737873856,153.32348556181245,14
37.86454257197985,23.8768409824035,37.12336311562767,14.203649350549814,0.41937758282969134,4.665948860006118,124.95539437114327,159.59799552205865,57.275808978099896,15.863181474390723,173.0009275131304,142.6644780371825,32.16881361051225,169.3167559583997,153.8918515632326,14
36.88090359324362,26.311961570770713,27.535215344107357,14.011629625632,2.4901509399115667,5.21818037395447,125.66265675365848,159.5938342153628,50.11197565600844,15.474117699988582,171.93779225218384,148.28136589489773,30.570541795740695,171.1120023683961,156.53567412398996,14
35.97463618460249,29.60461418917465,22.99297904585546,12.414410735936949,3.1181057369513816,5.545483449446575,118.8794245219349,159.93518726281897,54.883143725501306,18.369824111930633,168.2209013541546,139.7238769026309,33.83719261124704,168.32560626338523,147.06951524750644,14
36.16462552793856,34.628899579810245,21.9413021090196,14.38315574729373,3.0559038167879167,5.579691407710002,117.67333648226582,162.09215262114543,57.980740343248556,19.542414089036107,168.9421628562578,134.76957047813866,33.26485766472584,173.31958172453642,143.25392403514434,14
35.47902244737325,28.71517942162505,28.25576155191945,14.023153263833429,2.950174211692898,4.400528604106604,121.11099724427143,162.3394811605331,57.432812629699335,18.060270692285844,171.08917047689405,140.7582900332451,32.84536462605901,173.24807645651617,157.24242831221278,14
36.22372197627477,23.708715397503084,32.69869601983954,14.163782048961462,1.746958275014487,3.848298969518656,122.04403237762334,160.92005805065034,58.848728152150294,18.626175926852063,171.66269447541592,140.52235051501907,30.589790458750855,172.5243467611295,154.16474534500298,14
34.55771559897523,19.105733744065287,51.9437285422117,13.152053401396367,1.9911293576051297,3.4352272015848846,106.00821710233619,165.56003023712648,94.88333550645922,36.40498933881499,175.3353390897608,137.7645097095544,44.748908195440215,170.50152416729208,153.03312858788513,14
33.9591098962755,19.970401378972106,43.061435846518535,13.780023202322958,3.4384451738793502,4.540776248736802,112.673257485894,161.6427895151483,72.37963525828246,25.47371233846337,175.51882500735377,136.41586510114473,34.872462749372076,172.68479869203475,150.47385924802305,14
37.56628260966505,33.29842564331708,23.720850943209044,12.301605369902019,3.0828861231627998,5.519244247247263,109.07541805175724,160.23857956693237,73.67141300084465,26.062586623002286,168.00935384341034,144.34165046736,34.9419814404669,169.83667529009907,138.69793931909322,14
37.47171430702218,42.954709162417515,12.121287777778559,13.601063076249588,0.83549442472014,5.728111594814535,102.57505174136928,156.56472795760345,78.69129381988446,32.5863667807274,165.51521824296893,129.7278339162212,42.92602317529896,166.4304052832906,113.87876873686824,14
34.01651261216163,33.6175209425174,25.24435097176451,13.397571567769157,3.2597215812428697,4.5843354082183305,123.99062695651692,159.59095980241344,46.59064834566354,14.991302664804493,169.0151603002417,138.2573063138752,30.04158209995009,174.6457593340757,141.8746067964931,14
29.280761273680113,19.28026954055744,59.39825151661211,12.523414926523351,2.7387715013532867,4.316887899055056,101.29744345893198,160.310976256249,97.55101441141149,36.505182857718154,174.49558274151903,148.76688132195028,49.935791252179676,169.05599306193838,158.3499099963882,14
28.72865569548342,14.466892784068156,36.04806506916403,14.261179095505552,3.6846139824829023,3.4834006756859064,96.97560762265634,162.91478770400786,107.69539693737526,41.51096063811644,171.25301626687653,147.23985214604053,57.30623991919086,170.55578050201183,161.36787349999878,14
34.52063626618809,23.036058857604587,34.550370386564275,14.459517579565148,3.116698318665054,4.384354489535838,116.01922956243625,161.95790542980185,72.72204227245822,23.529939825876227,173.53305610130636,139.91295707452838,34.725366118992014,173.50863628259393,152.09306990435772,14
37.55529743365171,26.42434904387608,24.881722647558036,16.03595902906126,1.8134459429369643,5.866469666201549,119.87911998340056,159.21645591982642,54.83216384757074,16.72247099276155,168.35977679418218,146.1687555516805,28.23602870346626,171.06092054775127,154.74781863663614,14